"F3D0","F3D1","F3D2","F3D3","F3D5","F3D6","F3D7","F3D8","F3D9"
"F3D0",0,0.547587669125936,0.55489919240989,0.645920935081191,0.509163615258775,0.532674545061769,0.597649136121651,0.578377434497802,0.555969017352597
"F3D1",0.547587669125936,0,0.467530548465689,0.646505023638146,0.473455194774721,0.556117851609179,0.651801352280207,0.513062739433916,0.50546576020192
"F3D2",0.55489919240989,0.467530548465689,0,0.432302109800337,0.434636083410505,0.417357326893875,0.485021865500092,0.475641677573246,0.446796660816752
"F3D3",0.645920935081191,0.646505023638146,0.432302109800337,0,0.501164959927038,0.423867346672766,0.357096565133155,0.509266902818106,0.501353806362802
"F3D5",0.509163615258775,0.473455194774721,0.434636083410505,0.501164959927038,0,0.439189633813018,0.491529341576113,0.403875028375433,0.366864350290923
"F3D6",0.532674545061769,0.556117851609179,0.417357326893875,0.423867346672766,0.439189633813018,0,0.319330044848095,0.415509795855193,0.371103742301887
"F3D7",0.597649136121651,0.651801352280207,0.485021865500092,0.357096565133155,0.491529341576113,0.319330044848095,0,0.439212049168778,0.442419066210707
"F3D8",0.578377434497802,0.513062739433916,0.475641677573246,0.509266902818106,0.403875028375433,0.415509795855193,0.439212049168778,0,0.232120895174386
"F3D9",0.555969017352597,0.50546576020192,0.446796660816752,0.501353806362802,0.366864350290923,0.371103742301887,0.442419066210707,0.232120895174386,0
